D|123|0003|0000003|0900,00|123|1234|1234567|02728594430|68fedf54-c3b8-4ab5-bd66-3cf61ef95f53
D|123|0003|0000003|0900,00|123|1234|1234567|02728594430|68fedf54-c3b8-4ab5-bd66-3cf61ef95f53
C|123|0004|0000004|1000,00|123|1234|1234567|02728594430|cb8bcfd0-0796-4f87-9012-4836c78954c8
C|123|0004|0000004|1000,00|123|1234|1234567|02728594430|cb8bcfd0-0796-4f87-9012-4836c78954c8
C|123|0003|0000003|0890,00|444|5555|6666666|77276469115|e9074802-c604-404c-81f8-e1d771e8b532
D|123|0003|0000003|0900,00|123|1234|1234567|02728594430|4d6c484e-5d0c-4dec-97fe-6356f68d767a
D|123|0003|0000003|0900,00|123|1234|1234567|02728594430|4d6c484e-5d0c-4dec-97fe-6356f68d767a
C|123|0004|0000004|1000,00|123|1234|1234567|02728594430|ee301670-69f5-4943-adb1-8fa0a4912058
C|123|0004|0000004|1000,00|123|1234|1234567|02728594430|ee301670-69f5-4943-adb1-8fa0a4912058
C|123|0003|0000003|0890,00|444|5555|6666666|77276469115|5e8c00f9-51db-4b46-9dbc-3cc8edd00850
D|123|0003|0000003|0900,00|123|1234|1234567|02728594430|4cfa08f5-6c8b-484a-9142-9c9bb8ee3485
D|123|0003|0000003|0900,00|123|1234|1234567|02728594430|4cfa08f5-6c8b-484a-9142-9c9bb8ee3485
C|123|0004|0000004|1000,00|123|1234|1234567|02728594430|2f992cce-c52f-4458-8faa-75279af84414
C|123|0004|0000004|1000,00|123|1234|1234567|02728594430|2f992cce-c52f-4458-8faa-75279af84414
C|123|0003|0000003|0890,00|444|5555|6666666|77276469115|db40527b-a561-4abf-aa31-fa3612feb9f7
D|123|0003|0000003|0900,00|123|1234|1234567|02728594430|66267551-6439-4b38-82f8-7962f9c99862
D|123|0003|0000003|0900,00|123|1234|1234567|02728594430|66267551-6439-4b38-82f8-7962f9c99862
C|123|0004|0000004|1000,00|123|1234|1234567|02728594430|3b9a0ef1-443d-46cf-8fb1-6ee098ee9954
C|123|0004|0000004|1000,00|123|1234|1234567|02728594430|3b9a0ef1-443d-46cf-8fb1-6ee098ee9954
C|123|0003|0000003|0890,00|444|5555|6666666|77276469115|3e819935-1c69-4ed3-a74f-eaf1e00fe38f
D|123|0003|0000003|0900,00|123|1234|1234567|02728594430|cc34d1c8-9d34-47bd-8c72-039d614febe0
D|123|0003|0000003|0900,00|123|1234|1234567|02728594430|cc34d1c8-9d34-47bd-8c72-039d614febe0
C|123|0004|0000004|1000,00|123|1234|1234567|02728594430|f59765b1-3382-4436-9bd0-cd7673ce8bad
C|123|0004|0000004|1000,00|123|1234|1234567|02728594430|f59765b1-3382-4436-9bd0-cd7673ce8bad
C|123|0003|0000003|0890,00|444|5555|6666666|77276469115|236a0ea4-4a19-4e85-a65e-bfb5142798c0
D|123|0003|0000003|0900,00|123|1234|1234567|02728594430|922815a0-5bd7-4742-bd87-d8ad47e7272d
D|123|0003|0000003|0900,00|123|1234|1234567|02728594430|922815a0-5bd7-4742-bd87-d8ad47e7272d
C|123|0004|0000004|1000,00|123|1234|1234567|02728594430|557a5aa2-5644-4d1b-b151-0dbd33710dd3
C|123|0004|0000004|1000,00|123|1234|1234567|02728594430|557a5aa2-5644-4d1b-b151-0dbd33710dd3
C|123|0003|0000003|0890,00|444|5555|6666666|77276469115|e8642c4b-210f-455b-aa78-927f26608096
D|123|0003|0000003|0900,00|123|1234|1234567|02728594430|da0ea5b4-c3f5-4e4d-9627-92939eb6d43f
D|123|0003|0000003|0900,00|123|1234|1234567|02728594430|da0ea5b4-c3f5-4e4d-9627-92939eb6d43f
C|123|0004|0000004|1000,00|123|1234|1234567|02728594430|29e69852-a805-4138-9a75-1bcaad9f5408
C|123|0004|0000004|1000,00|123|1234|1234567|02728594430|29e69852-a805-4138-9a75-1bcaad9f5408
C|123|0003|0000003|0890,00|444|5555|6666666|77276469115|77765259-4184-4c62-bc27-00eb54ea33cc
D|123|0003|0000003|0900,00|123|1234|1234567|02728594430|6516b6a5-66bf-4b71-9afb-c5f5502c31a1
D|123|0003|0000003|0900,00|123|1234|1234567|02728594430|6516b6a5-66bf-4b71-9afb-c5f5502c31a1
C|123|0004|0000004|1000,00|123|1234|1234567|02728594430|d8b36d9c-ab7b-4e50-bca7-dfc272908e33
C|123|0004|0000004|1000,00|123|1234|1234567|02728594430|d8b36d9c-ab7b-4e50-bca7-dfc272908e33
C|123|0003|0000003|0890,00|444|5555|6666666|77276469115|14d546c7-2ab9-4b1c-ba89-1bc4dd0efdc0
D|123|0003|0000003|0900,00|123|1234|1234567|02728594430|87a474dd-d1de-4109-accf-e163977b4ebc
D|123|0003|0000003|0900,00|123|1234|1234567|02728594430|87a474dd-d1de-4109-accf-e163977b4ebc
C|123|0004|0000004|1000,00|123|1234|1234567|02728594430|f5be5027-0315-41de-af1c-9e9e8881bc43
C|123|0004|0000004|1000,00|123|1234|1234567|02728594430|f5be5027-0315-41de-af1c-9e9e8881bc43
C|123|0003|0000003|0890,00|444|5555|6666666|77276469115|f1190b36-6607-4c9a-aa46-e39035e0b058
D|123|0003|0000003|0900,00|123|1234|1234567|02728594430|4024ba83-2cdc-4fd0-86ca-7f1c896ce251
D|123|0003|0000003|0900,00|123|1234|1234567|02728594430|4024ba83-2cdc-4fd0-86ca-7f1c896ce251
C|123|0004|0000004|1000,00|123|1234|1234567|02728594430|5df4d65c-d889-4429-86ad-5f3b2eb2568d
C|123|0004|0000004|1000,00|123|1234|1234567|02728594430|5df4d65c-d889-4429-86ad-5f3b2eb2568d
C|123|0003|0000003|0890,00|444|5555|6666666|77276469115|eb6a27a6-db07-4997-ae9a-bf36af8f6808
D|123|0003|0000003|0900,00|123|1234|1234567|02728594430|cda3716b-7034-4282-8485-1d12dbe123cf
D|123|0003|0000003|0900,00|123|1234|1234567|02728594430|cda3716b-7034-4282-8485-1d12dbe123cf
C|123|0004|0000004|1000,00|123|1234|1234567|02728594430|d0f9764f-829f-4760-b870-fe6216e1915c
C|123|0004|0000004|1000,00|123|1234|1234567|02728594430|d0f9764f-829f-4760-b870-fe6216e1915c
C|123|0003|0000003|0890,00|444|5555|6666666|77276469115|f89b23c6-42e4-44f6-b372-0ca61bcca055
