D|123|0003|0000003|0900,00|123|1234|1234567|02728594430|d295fe3d-c583-448c-81cb-ce730ed49fb9
D|123|0003|0000003|0900,00|123|1234|1234567|02728594430|d295fe3d-c583-448c-81cb-ce730ed49fb9
C|123|0004|0000004|1000,00|123|1234|1234567|02728594430|f2b2c566-c9dc-4117-be22-26c75ff210c7
C|123|0004|0000004|1000,00|123|1234|1234567|02728594430|f2b2c566-c9dc-4117-be22-26c75ff210c7
C|123|0003|0000003|0890,00|444|5555|6666666|77276469115|0049aaa7-63e5-4e4b-b158-fd3748e77623
D|123|0003|0000003|0900,00|123|1234|1234567|02728594430|88194d87-a9ea-44f3-89ae-7ddd3ee2a97c
D|123|0003|0000003|0900,00|123|1234|1234567|02728594430|88194d87-a9ea-44f3-89ae-7ddd3ee2a97c
C|123|0004|0000004|1000,00|123|1234|1234567|02728594430|54d0b0a5-b4b9-4e3e-8a8c-8d579ec4fe86
C|123|0004|0000004|1000,00|123|1234|1234567|02728594430|54d0b0a5-b4b9-4e3e-8a8c-8d579ec4fe86
C|123|0003|0000003|0890,00|444|5555|6666666|77276469115|ab3da61e-fde2-41db-869b-9c51a3b1c9c7
D|123|0003|0000003|0900,00|123|1234|1234567|02728594430|fd0a60e3-f21e-4da4-8dc3-b8f27d0fd1c1
D|123|0003|0000003|0900,00|123|1234|1234567|02728594430|fd0a60e3-f21e-4da4-8dc3-b8f27d0fd1c1
C|123|0004|0000004|1000,00|123|1234|1234567|02728594430|88c8f29a-c331-4259-b152-552b19e548fa
C|123|0004|0000004|1000,00|123|1234|1234567|02728594430|88c8f29a-c331-4259-b152-552b19e548fa
C|123|0003|0000003|0890,00|444|5555|6666666|77276469115|30c3c825-5253-4fba-848a-a99a03663c69
D|123|0003|0000003|0900,00|123|1234|1234567|02728594430|4ae28c45-7bd6-4a86-91d3-ac5fc816cc18
D|123|0003|0000003|0900,00|123|1234|1234567|02728594430|4ae28c45-7bd6-4a86-91d3-ac5fc816cc18
C|123|0004|0000004|1000,00|123|1234|1234567|02728594430|1d565bb2-80b8-4737-8b6c-e75e418c2ace
C|123|0004|0000004|1000,00|123|1234|1234567|02728594430|1d565bb2-80b8-4737-8b6c-e75e418c2ace
C|123|0003|0000003|0890,00|444|5555|6666666|77276469115|23cc7c44-c04b-4ca2-934e-f295a94b1970
D|123|0003|0000003|0900,00|123|1234|1234567|02728594430|1c8cc6e8-d37e-4962-946a-2ddb074d0587
D|123|0003|0000003|0900,00|123|1234|1234567|02728594430|1c8cc6e8-d37e-4962-946a-2ddb074d0587
C|123|0004|0000004|1000,00|123|1234|1234567|02728594430|dd7d3fbe-e26a-431c-9364-9d6984455bab
C|123|0004|0000004|1000,00|123|1234|1234567|02728594430|dd7d3fbe-e26a-431c-9364-9d6984455bab
C|123|0003|0000003|0890,00|444|5555|6666666|77276469115|7732641b-9ea1-4edd-af87-bc5a1f19bc77
D|123|0003|0000003|0900,00|123|1234|1234567|02728594430|8783be91-c617-404e-9091-4165b57cd16d
D|123|0003|0000003|0900,00|123|1234|1234567|02728594430|8783be91-c617-404e-9091-4165b57cd16d
C|123|0004|0000004|1000,00|123|1234|1234567|02728594430|4ef67285-f943-4a26-ad84-37b7302c752f
C|123|0004|0000004|1000,00|123|1234|1234567|02728594430|4ef67285-f943-4a26-ad84-37b7302c752f
C|123|0003|0000003|0890,00|444|5555|6666666|77276469115|b331fd4a-d7b7-4907-a8cf-761a0bd8d1ce
D|123|0003|0000003|0900,00|123|1234|1234567|02728594430|d10d88c7-196e-40d7-a9d6-c22c861bad5b
D|123|0003|0000003|0900,00|123|1234|1234567|02728594430|d10d88c7-196e-40d7-a9d6-c22c861bad5b
C|123|0004|0000004|1000,00|123|1234|1234567|02728594430|a9bfee11-f2fb-4900-960c-4d2366276cd0
C|123|0004|0000004|1000,00|123|1234|1234567|02728594430|a9bfee11-f2fb-4900-960c-4d2366276cd0
C|123|0003|0000003|0890,00|444|5555|6666666|77276469115|32563da7-c70c-44d3-b9b7-a2418283be69
D|123|0003|0000003|0900,00|123|1234|1234567|02728594430|ec0feae0-3155-4b10-972a-50b94a77963f
D|123|0003|0000003|0900,00|123|1234|1234567|02728594430|ec0feae0-3155-4b10-972a-50b94a77963f
C|123|0004|0000004|1000,00|123|1234|1234567|02728594430|59187a8e-b0dc-448b-9606-3bd7ceeadc43
C|123|0004|0000004|1000,00|123|1234|1234567|02728594430|59187a8e-b0dc-448b-9606-3bd7ceeadc43
C|123|0003|0000003|0890,00|444|5555|6666666|77276469115|3aef93e0-65be-4ccc-a767-ed7ffe92b1d3
D|123|0003|0000003|0900,00|123|1234|1234567|02728594430|4f0a9c73-c622-4b96-b553-81fdf0117ced
D|123|0003|0000003|0900,00|123|1234|1234567|02728594430|4f0a9c73-c622-4b96-b553-81fdf0117ced
C|123|0004|0000004|1000,00|123|1234|1234567|02728594430|648be151-5295-46d7-9cf6-fc177fc189ae
C|123|0004|0000004|1000,00|123|1234|1234567|02728594430|648be151-5295-46d7-9cf6-fc177fc189ae
C|123|0003|0000003|0890,00|444|5555|6666666|77276469115|64f4e9db-6200-42be-95d7-b75f1e1a7287
D|123|0003|0000003|0900,00|123|1234|1234567|02728594430|7af78482-5aac-406c-b4b5-60edd32e1955
D|123|0003|0000003|0900,00|123|1234|1234567|02728594430|7af78482-5aac-406c-b4b5-60edd32e1955
C|123|0004|0000004|1000,00|123|1234|1234567|02728594430|89d830a2-207e-4a97-97b9-f09ba19eefe5
C|123|0004|0000004|1000,00|123|1234|1234567|02728594430|89d830a2-207e-4a97-97b9-f09ba19eefe5
C|123|0003|0000003|0890,00|444|5555|6666666|77276469115|ceb6629d-3620-488b-8294-63586dcfd598
D|123|0003|0000003|0900,00|123|1234|1234567|02728594430|f8b1c8e4-38be-4f97-ba17-b155d6f35814
D|123|0003|0000003|0900,00|123|1234|1234567|02728594430|f8b1c8e4-38be-4f97-ba17-b155d6f35814
C|123|0004|0000004|1000,00|123|1234|1234567|02728594430|882aa304-d109-4636-b49f-934ea903c2fd
C|123|0004|0000004|1000,00|123|1234|1234567|02728594430|882aa304-d109-4636-b49f-934ea903c2fd
C|123|0003|0000003|0890,00|444|5555|6666666|77276469115|9992de6e-2311-4018-afdb-10ffddf268b3
D|123|0003|0000003|0900,00|123|1234|1234567|02728594430|974b748e-d726-4145-86df-7cf4a6236a4c
D|123|0003|0000003|0900,00|123|1234|1234567|02728594430|974b748e-d726-4145-86df-7cf4a6236a4c
C|123|0004|0000004|1000,00|123|1234|1234567|02728594430|d033a3b5-68dd-4422-81fd-2f9665495d27
C|123|0004|0000004|1000,00|123|1234|1234567|02728594430|d033a3b5-68dd-4422-81fd-2f9665495d27
C|123|0003|0000003|0890,00|444|5555|6666666|77276469115|7c2c5cd5-cd6c-4f14-9968-de0e858f506e
D|123|0003|0000003|0900,00|123|1234|1234567|02728594430|888b71fb-91f1-463b-a1d4-43215d4a99a5
D|123|0003|0000003|0900,00|123|1234|1234567|02728594430|888b71fb-91f1-463b-a1d4-43215d4a99a5
C|123|0004|0000004|1000,00|123|1234|1234567|02728594430|f4d7f5ec-de33-4136-8eb8-340dbfb5a5b1
C|123|0004|0000004|1000,00|123|1234|1234567|02728594430|f4d7f5ec-de33-4136-8eb8-340dbfb5a5b1
C|123|0003|0000003|0890,00|444|5555|6666666|77276469115|0492bc66-6d49-4d87-bf49-0e89d660a67b
D|123|0003|0000003|0900,00|123|1234|1234567|02728594430|cde64466-9062-4131-b2b4-f4d292d1f599
D|123|0003|0000003|0900,00|123|1234|1234567|02728594430|cde64466-9062-4131-b2b4-f4d292d1f599
C|123|0004|0000004|1000,00|123|1234|1234567|02728594430|f058c7a4-7a51-44da-8ad2-25b601a27d8b
C|123|0004|0000004|1000,00|123|1234|1234567|02728594430|f058c7a4-7a51-44da-8ad2-25b601a27d8b
C|123|0003|0000003|0890,00|444|5555|6666666|77276469115|1526e468-3c9e-4484-9dca-219c85bd0032
D|123|0003|0000003|0900,00|123|1234|1234567|02728594430|a2bca836-c269-468d-9160-3b9b8634920b
D|123|0003|0000003|0900,00|123|1234|1234567|02728594430|a2bca836-c269-468d-9160-3b9b8634920b
C|123|0004|0000004|1000,00|123|1234|1234567|02728594430|a8801879-bd19-4485-891a-6d12d21ba8e6
C|123|0004|0000004|1000,00|123|1234|1234567|02728594430|a8801879-bd19-4485-891a-6d12d21ba8e6
C|123|0003|0000003|0890,00|444|5555|6666666|77276469115|e9ed9312-96de-4eb2-b3b7-16f983aa9b72
D|123|0003|0000003|0900,00|123|1234|1234567|02728594430|f74e0531-9ecf-456f-b9f8-33658b3ef70c
D|123|0003|0000003|0900,00|123|1234|1234567|02728594430|f74e0531-9ecf-456f-b9f8-33658b3ef70c
C|123|0004|0000004|1000,00|123|1234|1234567|02728594430|29511d3b-362c-4e94-ab8a-4dea6c05b7d8
C|123|0004|0000004|1000,00|123|1234|1234567|02728594430|29511d3b-362c-4e94-ab8a-4dea6c05b7d8
C|123|0003|0000003|0890,00|444|5555|6666666|77276469115|6dbec027-a576-4892-8ef3-c4c47fdc27d6
D|123|0003|0000003|0900,00|123|1234|1234567|02728594430|7821f37f-14b8-4cbe-a6be-b7f437044f76
D|123|0003|0000003|0900,00|123|1234|1234567|02728594430|7821f37f-14b8-4cbe-a6be-b7f437044f76
C|123|0004|0000004|1000,00|123|1234|1234567|02728594430|57f7fc5c-e1b4-4c21-80fa-6963c54996e1
C|123|0004|0000004|1000,00|123|1234|1234567|02728594430|57f7fc5c-e1b4-4c21-80fa-6963c54996e1
C|123|0003|0000003|0890,00|444|5555|6666666|77276469115|3a35a8df-cd69-4e42-8da6-9ed78eaa75eb
D|123|0003|0000003|0900,00|123|1234|1234567|02728594430|754493d0-4199-432a-b235-b63cb0ee412b
D|123|0003|0000003|0900,00|123|1234|1234567|02728594430|754493d0-4199-432a-b235-b63cb0ee412b
C|123|0004|0000004|1000,00|123|1234|1234567|02728594430|441e616d-8e7e-468e-8e1e-28cd50c28c91
C|123|0004|0000004|1000,00|123|1234|1234567|02728594430|441e616d-8e7e-468e-8e1e-28cd50c28c91
C|123|0003|0000003|0890,00|444|5555|6666666|77276469115|dc5887ca-25d6-4442-84f2-e40784f66d5e
D|123|0003|0000003|0900,00|123|1234|1234567|02728594430|1bb13766-8283-483e-bdb2-3dcdf7432399
D|123|0003|0000003|0900,00|123|1234|1234567|02728594430|1bb13766-8283-483e-bdb2-3dcdf7432399
C|123|0004|0000004|1000,00|123|1234|1234567|02728594430|4cd9b7e2-8801-49f3-af0d-4bc57c63e7d6
C|123|0004|0000004|1000,00|123|1234|1234567|02728594430|4cd9b7e2-8801-49f3-af0d-4bc57c63e7d6
C|123|0003|0000003|0890,00|444|5555|6666666|77276469115|ddad6881-3d85-4ed3-9067-ac57bf5f0256
